0 0 0 0 0 0 0 0 0 4 4 0 0 0 0 0 0 0 0 0
0 0 0 0 0 0 0 0 0 4 4 0 0 0 0 0 0 0 0 0
0 0 0 0 0 0 0 0 0 4 4 0 0 0 0 0 0 0 0 0
0 0 0 0 0 0 0 0 0 4 4 0 0 0 0 0 0 0 0 0
0 0 0 0 0 0 0 0 0 4 4 0 0 0 0 0 0 0 0 0
0 0 0 0 0 0 0 0 0 4 4 0 0 0 0 0 0 0 0 0
0 0 0 0 0 0 0 0 0 4 4 0 0 0 0 0 0 0 0 0
0 0 0 0 0 0 0 0 0 4 4 0 0 0 0 0 0 0 0 0
0 0 0 0 0 0 0 0 0 4 4 0 0 0 0 0 0 0 0 0
0 0 0 0 0 0 0 0 0 4 4 0 0 0 0 0 0 0 0 0
0 0 0 0 0 0 0 0 0 4 4 0 0 0 0 0 0 0 0 0
0 0 0 0 0 0 0 0 0 4 4 0 0 0 0 0 0 0 0 0
0 0 0 0 0 0 0 0 0 4 4 0 0 0 0 0 0 0 0 0
0 0 0 0 0 0 0 0 0 4 4 0 0 0 0 0 0 0 0 0
0 0 0 0 0 0 0 0 0 4 4 0 0 0 0 0 0 0 0 0
0 0 0 0 0 0 0 0 0 4 4 0 0 0 0 0 0 0 0 0
0 0 0 0 0 0 0 0 0 4 4 0 0 0 0 0 0 0 0 0
0 0 0 0 0 0 0 0 0 4 4 0 0 0 0 0 0 0 0 0
0 0 0 0 0 0 0 0 0 4 4 0 0 0 0 0 0 0 0 0
0 0 0 0 0 0 0 0 0 4 4 0 0 0 0 0 0 0 0 0
0 0 0 0 0 0 0 0 0 4 4 0 0 0 0 0 0 0 0 0
0 0 0 0 0 0 0 0 0 4 4 0 0 0 0 0 0 0 0 0
0 0 0 0 0 0 0 0 0 4 4 0 0 0 0 0 0 0 0 0
0 0 0 0 0 0 0 0 0 4 4 0 0 0 0 0 0 0 0 0
0 0 0 0 0 0 0 0 0 4 4 0 0 0 0 0 0 0 0 0
0 0 0 0 0 0 0 0 0 4 4 0 0 0 0 0 0 0 0 0
0 0 0 0 0 0 0 0 0 4 4 0 0 0 0 0 0 0 0 0
0 0 0 0 0 0 0 0 0 4 4 0 0 0 0 0 0 0 0 0
0 0 0 0 0 0 0 0 0 4 4 0 0 0 0 0 0 0 0 0
0 0 0 0 0 0 0 0 0 4 4 0 0 0 0 0 0 0 0 0
0 0 0 0 0 0 0 0 0 4 4 0 0 0 0 0 0 0 0 0
0 0 0 0 0 0 0 0 0 4 4 0 0 0 0 0 0 0 0 0
0 0 0 0 0 0 0 0 0 4 4 0 0 0 0 0 0 0 0 0
0 0 0 0 0 0 0 0 0 4 4 0 0 0 0 0 0 0 0 0
0 0 0 0 0 0 0 0 0 4 4 0 0 0 0 0 0 0 0 0
0 0 0 0 0 0 0 0 0 4 4 0 0 0 0 0 0 0 0 0
0 0 0 0 0 0 0 0 0 4 4 0 0 0 0 0 0 0 0 0
0 0 0 0 0 0 0 0 0 4 4 0 0 0 0 0 0 0 0 0
0 0 0 0 0 0 0 0 0 4 4 0 0 0 0 0 0 0 0 0
0 0 0 0 0 0 0 0 0 4 4 0 0 0 0 0 0 0 0 0
0 0 0 0 0 0 0 0 0 4 4 0 0 0 0 0 0 0 0 0
0 0 0 0 0 0 0 0 0 4 4 0 0 0 0 0 0 0 0 0
0 0 0 0 0 0 0 0 0 4 4 0 0 0 0 0 0 0 0 0
0 0 0 0 0 0 0 0 0 4 4 0 0 0 0 0 0 0 0 0
0 0 0 0 0 0 0 0 0 4 4 0 0 0 0 0 0 0 0 0
0 0 0 0 0 0 0 0 0 4 4 0 0 0 0 0 0 0 0 0
0 0 0 0 0 0 0 0 0 4 4 0 0 0 0 0 0 0 0 0
0 0 0 0 0 0 0 0 0 4 4 0 0 0 0 0 0 0 0 0
0 0 0 0 0 0 0 0 0 4 4 0 0 0 0 0 0 0 0 0
6 6 6 6 6 6 6 6 6 1 4 6 6 6 6 6 6 6 6 6