0 0 0 0 0 0 0 0 0 4 4 0 0 0 0 0 0 0 0 0
0 0 0 0 0 0 0 0 0 4 4 0 0 0 0 0 0 0 0 0
0 0 0 0 0 0 0 0 0 4 4 0 0 0 0 0 0 0 0 0
0 0 0 0 0 0 0 0 0 4 4 0 0 0 0 0 0 0 0 0
0 0 0 0 0 0 0 0 0 4 4 0 0 0 0 0 0 0 0 0
0 0 0 0 0 0 0 0 0 4 4 0 0 0 0 0 0 0 0 0
0 0 0 0 0 0 0 0 0 4 4 0 0 0 0 0 0 0 0 0
0 0 0 0 0 0 0 0 0 4 4 0 0 0 0 0 0 0 0 0
0 0 0 0 0 0 0 0 0 4 4 0 0 0 0 0 0 0 0 0
0 0 0 0 0 0 0 0 0 4 4 0 0 0 0 0 0 0 0 0
0 0 0 0 0 0 0 0 0 4 4 0 0 0 0 0 0 0 0 0
0 0 0 0 0 0 0 0 0 4 4 0 0 0 0 0 0 0 0 0
0 0 0 0 0 0 0 0 0 4 4 0 0 0 0 0 0 0 0 0
0 0 0 0 0 0 0 0 0 4 4 0 0 0 0 0 0 0 0 0
0 0 0 0 0 0 0 0 0 4 4 0 0 0 0 0 0 0 0 0
0 0 0 0 0 0 0 0 0 4 4 0 0 0 0 0 0 0 0 0
0 0 0 0 0 0 0 0 0 4 4 0 0 0 0 0 0 0 0 0
0 0 0 0 0 0 0 0 0 4 4 0 0 0 0 0 0 0 0 0
0 0 0 0 0 0 0 0 0 4 4 0 0 0 0 0 0 0 0 0
0 0 0 0 0 0 0 0 0 4 4 0 0 0 0 0 0 0 0 0
0 0 0 0 0 0 0 0 0 4 4 0 0 0 0 0 0 0 0 0
0 0 0 0 0 0 0 0 0 4 4 0 0 0 0 0 0 0 0 0
0 0 0 0 0 0 0 0 0 4 4 0 0 0 0 0 0 0 0 0
0 0 0 0 0 0 0 0 0 4 4 0 0 0 0 0 0 0 0 0
0 0 0 0 0 0 0 0 0 4 4 0 0 0 0 0 0 0 0 0
0 0 0 0 0 0 0 0 0 4 4 0 0 0 0 0 0 0 0 0
0 0 0 0 0 0 0 0 0 4 4 0 0 0 0 0 0 0 0 0
0 0 0 0 0 0 0 0 0 4 4 0 0 0 0 0 0 0 0 0
0 0 0 0 0 0 0 0 0 4 4 0 0 0 0 0 0 0 0 0
0 0 0 0 0 0 0 0 0 4 4 0 0 0 0 0 0 0 0 0
0 0 0 0 0 0 0 0 0 4 4 0 0 0 0 0 0 0 0 0
0 0 0 0 0 0 0 0 0 4 4 0 0 0 0 0 0 0 0 0
0 0 0 0 0 0 0 0 0 4 4 0 0 0 0 0 0 0 0 0
0 0 0 0 0 0 0 0 0 4 4 0 0 0 0 0 0 0 0 0
0 0 0 0 0 0 0 0 0 4 4 0 0 0 0 0 0 0 0 0
0 0 0 0 0 0 0 0 0 4 4 0 0 0 0 0 0 0 0 0
0 0 0 0 0 0 0 0 0 4 4 0 0 0 0 0 0 0 0 0
0 0 0 0 0 0 0 0 0 4 4 0 0 0 0 0 0 0 0 0
0 0 0 0 0 0 0 0 0 4 4 0 0 0 0 0 0 0 0 0
0 0 0 0 0 0 0 0 0 4 4 0 0 0 0 0 0 0 0 0
0 0 0 0 0 0 0 0 0 4 4 0 0 0 0 0 0 0 0 0
0 0 0 0 0 0 0 0 0 4 4 0 0 0 0 0 0 0 0 0
0 0 0 0 0 0 0 0 0 4 4 0 0 0 0 0 0 0 0 0
0 0 0 0 0 0 0 0 0 4 4 0 0 0 0 0 0 0 0 0
0 0 0 0 0 0 0 0 0 4 4 0 0 0 0 0 0 0 0 0
0 0 0 0 0 0 0 0 0 4 4 0 0 0 0 0 0 0 0 0
0 0 0 0 0 0 0 0 0 4 4 0 0 0 0 0 0 0 0 0
0 0 0 0 0 0 0 0 0 4 4 0 0 0 0 0 0 0 0 0
0 0 0 0 0 0 0 0 0 4 4 0 0 0 0 0 0 0 0 0
6 6 6 6 6 6 6 6 6 9 9 6 6 6 6 6 6 6 6 6